1	118	-23
-8	31	-130
-22	54	-122
-5	72	-97
2	32	-38
29	68	-44
27	71	67
28	-4	147
60	32	159
59	65	44
-26	-83	8	59	-4
41	118	-23
-8	31	-130
-22	54	-122
-5	72	-97
2	32	-38
29	68	-44
27	71	67
28	-4	147
60	32	159
59	65	44
-26	-83	8
61	146	88
34	-4	102
-25	-19	-11
34	144	-62
40	71	-44
26	-21	-78
87	123	-45
77	105	26
65	-11	74
55	39	61
36	105	102
-12	36	103
-22	-89	152
-9	20	84
-46	71	70
-64	-70	237
-73	-97	246
-87	33	235
-127	89	181
-172	51	186
-293	34	256
-327	185	276
-358	160	326
-440	96	466
-466	174	560
-464	178	599
-583	34	455
-582	45	515
-560	96	568
-537	142	619
-500	81	687
-471	148	663
-453	143	578
-406	200	333
-468	184	177
-511	190	180
-469	137	344
-450	115	370
-480	141	175
-525	124	152
-482	114	328
-441	127	392
-500	65	321
-495	148	217
-481	196	196
-474	249	297
-466	173	318
-475	322	244
-477	238	165
-437	184	150
-484	247	34
-532	208	-49
-562	150	21
-557	143	131
-514	147	258
-533	179	237
-585	115	124
-609	172	93
-647	172	148
-599	176	184
-634	181	24
-706	267	-37
-694	311	77
-685	268	241
-740	216	297
-701	286	356
-727	160	372
-717	249	444
-712	270	513
-692	258	495
-743	187	314
-740	254	392
-726	222	491
-690	128	443
-736	283	330
-732	251	297
-711	124	413
-721	126	386
-655	327	291
-650	257	297
-742	61	228
-638	158	414
-574	196	324
-681	74	182
-681	91	142
-595	171	221
-589	77	257
-584	4	56
-556	74	-3
-513	-31	28
-504	-60	182
-411	22	149
-385	26	200
-380	-40	193
-356	56	373
-202	66	509
-180	34	488
-253	-22	351
-223	26	391
-148	46	348
-172	77	354
-152	115	405
-162	39	428
-172	39	441
-183	22	392
-153	20	495
-168	22	641
-119	47	599
-162	63	411
-156	63	397
-150	1	548
-174	-47	520
-196	-26	389
-215	-39	293
-173	29	246
-175	18	375
-202	-33	345
-199	-33	235
-183	107	21
-224	91	11
-149	72	302
-123	140	341
-157	89	232
-151	171	58
-139	152	91
-147	88	234
-141	51	481
-175	-99	330
-128	282	93
-212	-87	99
-201	-98	370
-154	53	502
-185	-71	403
-183	-126	206
-141	199	235
-75	164	446
-69	-11	516
-94	112	326
-152	111	89
-152	-18	197
-95	21	349
-51	57	263
-123	23	10
-136	17	-203
-135	21	-283
-100	47	-325
-273	-100	-256
-172	-49	-278
-207	173	-298
-191	-12	-180
-156	-104	70
-79	43	138
-80	33	81
-75	0	123
-73	21	179
-24	9	230
-79	38	145
-67	-41	89
-80	-35	303
-51	-52	480
-51	-30	519
-59	-80	345
-39	-27	224
-40	32	183
-35	-45	199
-28	-116	139
12	111	23
-22	-12	-109
-13	-55	67
9	89	313
89	-120	418
110	-54	273
68	-12	66
102	70	231
169	-39	387
124	-136	283
91	-60	176
121	-3	125
144	66	341
121	-57	463
159	80	477
117	-4	531
111	-107	602
232	-31	891
218	-69	834
177	-184	549
103	-58	486
181	-13	598
202	-162	796
194	-86	705
194	50	517
248	1	492
210	33	503
235	62	507
237	147	524
108	5	372
146	-132	449
252	-135	474
179	-179	291
99	-135	194
137	-249	301
192	-136	351
133	-189	332
121	-337	333
72	-232	426
95	-113	446
137	-293	365
88	-75	225
67	100	254
136	15	482
143	119	575
211	246	464
158	164	366
128	116	374
157	105	537
190	123	414
119	82	363
158	108	315
141	137	388
123	31	347
44	-55	298
54	-44	199
89	-75	211
63	0	354
78	19	319
83	24	300
48	138	106
55	148	48
67	75	116
49	133	273
61	158	360
78	148	234
25	332	65
55	259	109
37	228	239
-36	296	276
-14	188	151
-38	155	-113
-90	278	-235
-28	325	-212
-36	337	-89
-82	331	-213
-117	313	-339
-120	337	-310
-132	190	-32
-128	348	234
-136	155	220
-9	334	95
-157	295	-72
-136	351	239
18	152	532
16	-2	280
-136	348	-299
-249	65	-187
-43	108	324
49	258	543
-127	96	212
-130	129	-110
-97	339	97
-78	181	359
-4	126	478
-116	229	229
-135	273	-1
-96	346	111
-36	349	320
-17	288	364
-24	302	223
-81	185	77
-71	147	-2
-87	262	180
-58	61	293
-49	76	242
-140	153	-59
-139	8	-167
-166	119	-71
-8	-4	111
-84	-82	-58
-168	74	-253
-107	97	-275
-117	31	-179
-30	123	-18
-23	76	31
-66	221	-28
-121	134	-165
-51	123	-183
-21	273	-111
0	203	-34
14	168	-108
22	285	-125
37	342	-146
74	236	-129
117	220	-59
43	306	-86
29	220	-93
86	202	-183
119	237	-167
140	235	-226
155	286	-231
82	242	-278
119	222	-230
164	290	-107
168	189	-144
213	248	-139
248	306	-95
276	139	8
397	192	97
424	223	109
420	171	125
410	86	77
480	140	143
512	-56	13
562	67	-16
532	-8	-205
499	-63	-319
486	15	-224
541	-140	-162
476	-131	-95
517	-28	-60
470	-148	18
427	-44	173
439	-17	427
451	81	506
383	-17	600
359	72	635
474	122	898
391	40	964
417	109	1145
386	211	1210
416	179	1403
409	126	1487
415	285	1547
323	169	1597
389	264	1544
402	375	1507
363	309	1404
385	226	1304
333	356	1152
306	293	921
345	123	775
310	176	499
248	82	202
224	32	42
161	-61	-214
159	-167	-383
169	-164	-420
111	-236	-559
83	-225	-553
93	-244	-539
95	-135	-454
85	-41	-357
107	-34	-234
124	32	-246
89	142	-208
116	150	-131
163	142	-21
127	162	-12
112	249	66
158	85	182
128	133	290
89	143	389
124	74	443
127	84	466
197	156	507
194	180	474
124	85	400
162	109	389
165	164	374
137	53	327
179	33	308
169	34	216
151	-14	101
96	-108	-33
133	-140	-97
106	-236	-97
85	-314	-197
76	-318	-207
67	-262	-231
66	-293	-297
17	-223	-282
94	-166	-270
43	-181	-272
-9	-169	-301
-3	-137	-321
-17	-124	-324
7	20	-308
-44	-90	-237
-73	-135	-153
-92	-98	-92
-137	-139	0
-131	-162	3
-132	-158	136
-126	-100	168
-140	36	156
-143	-126	106
-109	-93	79
-125	-10	116
-141	-86	76
-131	-118	127
-155	-18	96
-145	-92	97
-108	-91	113
-134	-158	52
-180	-179	134
-153	-152	150
-154	-250	132
-168	-210	128
-124	-211	67
-166	-249	65
-150	-191	92
-159	-244	95
-145	-172	49
-129	-235	30
-180	-323	-31
-166	-162	89
-128	-215	166
-160	-274	122
-233	-272	47
-140	-213	150
-217	-253	230
-191	-293	222
-197	-324	169
-213	-291	126
-208	-311	44
-139	-265	111
-210	-293	38
-139	-253	-1
-208	-223	59
-209	-305	-22
-192	-356	153
-212	-333	145
-193	-308	207
-172	-400	217
-207	-387	208
-203	-376	218
-262	-481	229
-258	-456	134
-254	-412	185
-234	-432	201
-239	-364	251
-252	-339	213
-251	-398	197
-257	-415	189
-279	-476	230
-280	-479	261
-283	-452	298
-286	-563	248
-314	-479	167
-287	-556	158
-356	-624	209
-368	-574	206
-332	-571	210
-357	-520	127
-331	-511	156
-348	-540	184
-321	-437	175
-356	-498	173
-354	-480	84
-347	-391	119
-362	-395	123
-341	-394	207
-380	-355	159
-404	-405	179
-383	-446	171
-394	-332	246
-419	-368	192
-424	-459	146
-454	-429	110
-462	-329	105
-496	-455	148
-480	-414	105
-512	-359	128
-512	-439	148
-483	-395	130
-485	-320	105
-485	-296	43
-526	-311	157
-531	-326	126
-500	-253	165
-570	-340	132
-578	-349	199
-538	-323	225
-564	-332	245
-571	-399	271
-535	-344	352
-545	-237	288
-568	-373	304
-577	-311	361
-563	-269	351
-563	-364	375
-580	-243	324
-604	-329	316
-573	-315	378
-600	-226	355
-616	-378	383
-591	-281	376
-597	-161	343
-672	-317	315
-640	-256	422
-637	-222	435
-644	-278	397
-674	-261	329
-644	-190	426
-662	-229	432
-647	-376	389
-619	-179	332
-673	-202	225
-608	-341	245
-593	-210	218
-627	-197	184
-587	-168	168
-593	-227	116
-611	-229	109
-557	-207	192
-611	-289	220
-595	-243	182
-509	-216	167
-581	-259	158
-566	-240	165
-512	-252	206
-519	-252	196
-525	-262	171
-530	-340	228
-551	-255	274
-510	-272	317
-531	-393	344
-539	-357	313
-486	-307	316
-520	-313	284
-498	-378	337
-469	-383	377
-482	-235	277
-455	-331	254
-430	-326	308
-452	-218	294
-456	-286	276
-423	-262	314
-454	-218	298
-388	-236	306
-399	-189	294
-420	-252	346
-422	-267	310
-363	-189	324
-360	-259	266
-380	-243	247
-370	-222	212
-336	-198	204
-338	-191	204
-329	-220	182
-341	-240	201
-335	-215	186
-335	-241	230
-306	-220	218
-300	-133	244
-312	-250	279
-289	-219	253
-287	-119	312
-294	-229	278
-274	-174	303
-275	-75	314
-264	-108	363
-265	-186	338
-265	-90	337
-271	-108	294
-268	-183	313
-260	-90	317
-259	-104	289
-238	-100	330
-264	-71	304
-223	-76	337
-227	-82	337
-227	-67	339
-236	-137	367
-229	-85	357
-238	-73	333
-236	-101	367
-251	-173	357
-235	-81	347
-251	-154	350
-258	-101	336
-143	-130	348
-98	-187	292
-10	-130