111	-19	123
100	-40	93
71	-55	77
61	-48	91
88	-65	102
75	-36	37
84	42	27
104	-13	21
24	-60	164
128	8	192
109	-33	179
111	-19	123
100	-40	93
71	-55	77
61	-48	91
88	-65	102
75	-36	37
84	42	27
104	-13	21
24	-60	164
128	8	192
109	-33	179
111	-19	123
100	-40	93
71	-55	77
61	-48	91
88	-65	102
75	-36	37
84	42	27
104	-13	21
126	18	-14
104	63	27
83	-31	52
102	-88	52
82	-35	79
23	-157	132
105	-43	194
126	-7	180
74	-40	159
108	-10	196
137	29	194
106	-12	210
153	13	158
147	-9	165
168	17	132
184	7	179
189	-48	147
180	-26	108
177	-91	82
166	-94	45
151	-55	97
157	-117	192
177	-63	195
136	-65	149
114	-131	198
151	-135	150
149	-156	59
102	-122	16
102	-151	67
103	-117	88
132	-41	75
80	-23	81
148	16	121
154	98	179
148	39	172
160	95	78
155	109	-30
130	50	-18
175	118	18
130	27	73
141	-9	54
113	-68	59
89	-58	86
87	-79	189
94	-113	274
93	-87	292
93	-68	230
101	-41	174
104	-24	175
105	20	203
71	-24	205
115	-60	166
75	-41	73
83	-10	96
110	-27	120
107	1	119
133	-10	109
180	10	70
190	14	6
173	-22	35
174	-23	56
215	-43	115
247	-88	143
229	-154	104
301	-128	28
216	-111	-9
262	-122	50
296	-130	127
257	-61	129
265	22	126
336	4	150
324	22	85
332	18	72
338	-24	32
325	68	-35
290	-19	-106
278	-31	-85
290	-55	-105
258	-78	-12
220	-69	-59
241	-109	-4
240	-100	-21
244	-81	42
230	-106	176
235	-66	188
248	-94	149
241	-85	95
235	-100	105
265	-59	180
253	-132	179
216	-98	74
221	-130	17
227	-77	-21
227	-44	-8
182	-12	-13
211	-41	69
231	-47	41
210	18	-72
175	26	-84
181	-64	-40
118	-100	15
150	-5	85
114	-130	12
112	-21	-2
56	-84	52
91	-106	115
25	-18	82
8	-94	38
-12	-66	27
-42	-32	47
-89	-74	155
-47	-68	187
44	-72	178
154	-109	97
133	-139	62
142	-110	57
321	-145	6
545	-218	-111
559	-165	-150
539	-64	-67
668	-196	-24
765	-224	37
786	-205	-136
828	-243	-226
901	-161	-148
892	-299	-18
888	-328	-8
913	-318	-100
899	-275	-170
890	-204	-89
860	-204	9
788	-211	122
652	-206	58
574	-277	-77
616	-295	3
579	-244	-33
592	-258	66
668	-177	138
744	-74	66
812	-294	7
920	-222	-5
882	-210	-69
831	-256	-28
854	-147	-13
758	-136	-136
710	-262	-213
717	-216	-194
633	-208	-190
624	-279	-162
688	-57	-115
679	-138	-247
701	-224	-278
744	-167	-235
677	-308	-231
662	-274	-123
728	-115	-54
684	-168	-161
718	-158	-201
721	-134	-82
646	-258	-64
598	-206	-58
625	-147	-17
664	-180	-80
639	-256	-115
696	-195	31
672	-255	-36
637	-259	-112
675	-148	-39
733	-120	-70
691	-89	-128
670	-166	-42
626	-170	0
535	-204	-88
540	-176	-91
552	-160	-61
586	-99	-211
571	-102	-260
520	-228	-162
561	-225	-138
599	-123	-162
559	-289	-156
641	-177	-153
633	-65	-178
556	-135	-163
560	-200	-84
580	15	-216
503	56	-333
490	-122	-205
488	-205	-87
486	-25	-129
377	-192	-244
432	-300	-122
593	-50	-30
609	-32	29
545	-244	-54
547	-66	-32
596	-23	-71
570	-135	-57
509	-178	-97
485	-90	-167
443	-63	-221
336	-162	-239
287	-228	-188
398	41	-203
461	-47	-253
405	-168	-287
426	-174	-196
470	-215	-136
573	-144	-273
468	-245	-376
446	-208	-367
508	-84	-166
405	-73	-139
337	-182	-166
276	-108	-102
289	-18	-52
345	6	-26
343	-15	-32
255	-82	-123
408	41	-73
480	22	-87
542	-43	-100
495	-147	-27
420	-263	-48
399	-195	-66
406	-27	-159
346	-170	-242
317	-73	-254
257	0	-277
186	-21	-302
219	-44	-276
240	-99	-329
250	-184	-339
302	-73	-243
343	-28	-171
380	-87	-151
397	-57	-330
390	-76	-460
353	-189	-451
413	-27	-396
363	-140	-425
324	-50	-498
260	-32	-472
313	-78	-266
289	22	-138
304	45	-122
290	-103	-67
320	-39	-70
329	-150	-2
332	-175	51
319	-114	18
298	-115	9
345	70	80
364	52	210
328	-108	377
260	-86	322
233	53	196
175	-162	239
309	-25	287
241	83	172
205	6	31
277	21	64
264	57	121
281	47	99
249	-138	36
173	-154	4
213	-94	16
178	-127	55
159	-119	50
117	-213	0
111	-211	-15
109	-389	-65
166	-222	-27
129	-50	0
200	-171	97
234	-49	71
199	-99	-65
132	-80	-35
172	-61	64
153	-79	82
174	-48	-9
124	75	-104
157	25	3
145	-29	73
155	-80	-34
91	-166	-189
151	-73	-227
111	-119	-173
166	-49	-112
119	29	-87
149	-92	-53
160	-53	-77
128	-6	-220
128	-144	-159
76	-165	-69
44	38	-76
19	-16	-193
89	30	-241
164	-31	-265
141	-192	-239
88	-109	-201
56	-161	-198
31	-55	-218
121	-156	-168
206	-137	-126
95	-93	-188
40	-390	-147
36	-299	-51
-27	-290	12
135	-371	56
105	-271	-41
31	-249	-199
-6	-405	-167
-63	-597	-130
-93	-607	-159
-59	-578	-165
-41	-561	-193
44	-398	-130
-63	-452	0
0	-543	10
-74	-534	-50
-59	-547	-118
-39	-561	-128
-47	-496	-102
-91	-424	-98
-48	-492	-57
-131	-649	-179
-65	-734	-360
-48	-760	-336
-9	-606	-140
-11	-508	29
-31	-349	37
-36	-464	-107
13	-580	-134
-58	-590	-100
-52	-458	-57
-167	-425	-39
-128	-353	-122
-37	-216	-250
1	-488	-309
-14	-491	-424
-37	-480	-554
-76	-504	-541
30	-411	-433
56	-371	-411
38	-332	-633
-11	-400	-558
-46	-332	-355
-97	-389	-199
-27	-281	-133
-99	-194	-217
-22	-217	-235
-57	-185	-204
-34	-275	-308
-15	-299	-321
52	-337	-215
33	-445	-84
99	-276	-60
98	-233	-115
57	-358	-150
102	-314	16
45	-434	154
-30	-343	85
-59	-162	-11
4	-179	40
44	-330	139
101	-369	85
-8	-404	-98
-26	-313	-55
100	-265	55
136	-291	-2
93	-356	-83
7	-413	-142
-105	-435	-112
-88	-431	5
-54	-348	105
-68	-311	-61
-9	-215	-134
-51	-351	-238
20	-310	-253
-18	-355	-220
27	-260	-266
17	-228	-167
94	-214	-79
27	-221	-148
-84	-506	-160
-84	-379	26
-94	-307	172
-143	-317	106
-61	-340	-52
-146	-478	-186
-144	-627	-131
-201	-677	-84
-211	-563	-38
-187	-568	-139
-183	-655	-301
-205	-755	-215
-170	-826	50
-345	-897	103
-383	-894	105
-317	-851	97
-361	-1009	199
-374	-1100	342
-417	-1098	192
-611	-1163	31
-500	-1294	153
-420	-1411	256
-486	-1418	3
-558	-1375	-175
-452	-1369	-153
-476	-1438	-28
-462	-1539	87
-617	-1550	84
-611	-1530	-2
-620	-1600	-4
-634	-1617	62
-731	-1545	374
-801	-1683	419
-816	-1760	232
-879	-1839	-206
-825	-1796	-263
-750	-1750	-90
-784	-1912	-91
-821	-1695	-202
-756	-1629	-476
-757	-1840	-719
-704	-1791	-582
-750	-1690	-531
-844	-1672	-613
-843	-1515	-723
-841	-1623	-684
-816	-1668	-614
-762	-1618	-515
-721	-1568	-309
-697	-1536	-295
-717	-1488	-287
-663	-1676	-117
-650	-1725	-125
-643	-1703	-71
-614	-1609	98
-694	-1455	62
-683	-1294	86
-647	-1419	-86
-684	-1275	-84
-651	-1142	18
-651	-1233	38
-719	-1168	-20
-610	-1158	-27
-554	-1297	-73
-589	-1158	-67
-541	-1123	-1
-684	-1287	13
-732	-1262	151
-714	-1338	131
-660	-1257	168
-620	-1173	217
-670	-1052	364
-635	-1116	471
-689	-1142	361
-596	-1244	256
-673	-1287	207
-698	-1129	255
-692	-1048	320
-674	-1019	304
-683	-1222	278
-709	-1265	199
-711	-1071	445
-681	-1086	391
-670	-1041	426
-653	-1132	591
-693	-1118	485
-660	-918	389
-704	-851	397
-739	-840	150
-798	-887	-66
-785	-796	-160
-814	-866	-159
-737	-849	-51
-733	-615	-261
-715	-703	-348
-636	-826	-194
-678	-840	-88
-759	-1022	-264
-792	-957	-326
-707	-801	-240
-762	-668	-335
-697	-604	-361
-661	-605	-373
-650	-566	-296
-746	-549	-242
-706	-710	-199
-651	-902	-221
-643	-827	-71
-667	-758	74
-642	-647	257
-704	-716	162
-753	-774	143
-703	-650	348
-693	-555	310
-736	-443	305
-757	-485	279
-687	-572	261
-714	-622	333
-694	-481	346
-743	-515	267
-736	-555	328
-740	-627	394
-652	-586	552
-630	-551	449
-673	-451	499
-574	-307	772
-568	-459	811
-587	-444	778
-567	-443	619
-527	-391	599
-510	-248	530
-523	-237	429
-580	-170	250
-466	-7	295
-456	63	373
-445	175	529
-353	339	496
-409	340	439
-387	297	367
-317	309	362
-359	468	232
-318	665	26
-242	927	34
-233	895	-12
-194	924	-46
-203	960	-50
-195	989	-77
-78	1061	-101
-107	1071	-60
-69	1181	130
-152	1272	160
-141	1398	-21
-146	1354	-81
-36	1460	-19
-19	1486	49
-19	1596	89
-5	1686	53
17	1610	96
105	1596	242
161	1630	481
142	1652	593
38	1687	455
48	1665	478
76	1581	600
99	1520	541
74	1588	570
119	1828	461
52	1765	256
126	1679	475
283	1710	725
221	1654	440
102	1717	284
183	1803	476
218	1630	531
124	1489	541
126	1641	319
67	1740	222
26	1594	171