81
4	2	657
25	-14	766
46	-132	812
97	54	939
82	-76	962
126	15	781
182	217	698
131	98	438
-35	0	660
97	43	862
85	275	486
-13	-138	259
39	128	127
-42	-258	80
-168	-58	-255
-83	186	-311
-186	-200	-342
75	76	-170
-105	-30	-207
-30	-48	-65
-40	-76	-160
1	-13	-474
18	106	-747
-41	76	-716
-41	11	-370
-15	98	-374
-101	-13	-344
-21	-140	-159
112	81	-17
-18	27	-141
-20	-8	-163
-32	-42	-238
-61	25	-172
5	-31	-217
-9	-78	-169
-58	-23	-223
-6	68	-46
72	-64	361
113	128	225
7	-102	-210
-51	-52	-402
33	82	-513
-46	-114	-356
-43	-85	-435
-37	-60	-501
-29	-98	-269
35	42	-107
31	-90	-120
-123	-41	-332
-8	-82	-126
65	-51	90
110	146	-116
29	187	-319
124	40	-394
63	23	-266
57	176	-338
-32	-154	-451
5	139	-906
-39	-120	-700
38	-240	-221
96	168	-144
-12	-34	-46
66	-103	-237
117	246	-451
30	101	-391
53	-253	-13
54	-91	-60
-20	-138	-317
30	-4	-532
98	-3	-328
165	76	162
4	16	-221
64	-112	-100
117	-81	49
117	-205	236
10	-197	488
143	21	707
53	-191	744
32	-296	626
54	-165	637
190	-160	575
69	-191	589
117	207	520
183	-70	773
88	-50	553
82	-72	715
110	-71	813
141	-194	512
-10	-52	228
63	-122	299
105	-168	267
-13	146	-86
-130	-164	153
86	-40	648
74	-165	328
-142	-28	-499
3	106	-321
181	248	-218
86	68	-444
22	84	-459
43	253	-480
-36	-86	-201
38	-24	47
20	167	-128
-51	-79	-244
-35	-324	-79
18	-31	-42
82	4	11
20	12	-560
-60	201	-836
60	96	-136
96	-46	176
-32	-205	250
30	-159	-18
21	-73	-507
-2	-106	-213
142	0	174
-43	-30	-53
-27	33	-215
-10	-58	-405
53	89	-48
77	-98	458
71	-18	148
-28	-1	-87
93	30	19
32	-134	132
28	-100	225
76	46	122
-6	-8	-150
37	-64	123
126	2	431
143	82	540
42	133	179
50	-21	-45
-8	50	-60
80	-174	165
31	-154	143
-12	-49	-201
-20	-143	-167
58	-18	-15
25	-126	-109
-49	-227	-256
-64	-3	-266
25	-67	26
94	-23	89
66	5	-315
3	189	-593
91	68	-454
27	178	-325
11	2	-161
-89	-146	-225
88	3	-44
104	-43	78
16	196	250
135	-23	644
87	36	377
20	165	-100
21	68	-305
89	-83	70
72	196	182
57	2	87
33	-61	0
161	103	231
52	-118	395
43	-72	205
6	0	-79
-43	-61	-168
58	-124	125
79	-249	257
-42	20	-300
-44	59	-403
28	-118	-501
12	-16	-408
46	-41	-150
27	-203	-308
11	-34	-542
17	86	-809
45	50	-721
90	-54	-376
34	71	-540
-87	103	-716
-52	-231	-391
115	-16	-240
13	93	-367
34	-189	-124
89	-55	110
86	132	142
141	-11	163
133	-171	123
13	-3	371
170	-133	631
86	-124	575
106	-81	709
131	21	1004
165	-185	914
43	-117	734
31	-37	810
77	-193	1052
147	-286	902
-59	-128	662
36	117	559
35	-213	739
4	-81	762
22	-7	592
-70	-234	384
49	37	338
26	-62	197
-17	18	292
2	32	299
24	-156	166
-34	-24	-74
6	210	-322
-6	158	-301
51	100	-233
-53	172	-432
-17	243	-522
-8	258	-586
-46	81	-550
-68	-50	-467
-57	-123	-409
-70	94	-811
-102	27	-1009
-23	207	-838
60	245	-563
-28	88	-554
-150	184	-1034
-56	217	-874
74	101	-501
70	108	-419
-24	313	-745
-11	158	-977
20	56	-561
81	168	-480
4	96	-486
-22	148	-725
3	55	-491
104	86	-66
71	86	-31
78	160	35
87	143	130
139	150	153
-32	21	114
77	-96	459
100	0	658
145	-21	662
39	-46	518
127	122	608
142	100	916
75	-69	864
37	-166	725
38	-159	630
107	146	932
149	-168	1102
-45	-205	772
55	67	665
-34	-179	243
30	14	60
-62	-80	94
20	-53	58
-30	60	-75
-3	38	-194
10	155	-205
17	-24	290
25	-32	110
-88	115	-643
-168	33	-881
71	7	-765
-50	17	-690
-1	135	-549
-30	235	-502
-5	-36	-447
-54	14	-554
8	60	-419
-10	-66	-168
36	87	-383
-91	157	-842
-21	-17	-653
0	-118	-107
-2	-140	63
-87	66	127
-24	-234	31
-35	-92	-27
68	-150	383
26	-345	589
47	72	537
-73	-80	130
88	69	52
55	179	370
-36	-110	737
-12	-229	1040
149	92	872
6	50	409
146	131	262
-49	89	636
84	155	668
-75	-5	105
18	17	-63
29	279	-73
11	252	-2
20	135	167
-33	238	-30
-106	0	-43
14	-69	-66
10	330	-198
-117	-70	-348
-19	13	-401
-13	262	-468
-8	114	-455
8	59	-156
-82	-26	-135
4	104	-132
-13	144	-168
-58	-17	-201
20	105	-24
13	81	-32
-57	19	-21
-39	129	-195
-42	-69	-165
-6	72	98
81	70	278
-27	-7	147
-10	62	35
83	115	94
65	143	231
-84	-45	250
22	-46	174
-37	27	-38
-7	85	-169
4	83	-39
60	28	43
-28	-25	188
15	222	257
12	38	-124
-78	-57	-247
9	183	-109
55	107	17
-32	25	-107
-24	266	-368
92	230	-103
4	50	-94
-56	90	-40
17	100	215
77	13	137
32	40	-165
50	188	-93
128	132	-39
-44	16	-25
-4	132	35
-24	21	17
5	-12	197
118	189	112
-31	-96	160
-17	-168	337
74	30	336
-40	70	-20
-63	-47	112
45	-39	238
-78	13	123
-46	59	24
0	-153	240
-12	204	152
-125	-78	196
24	104	341
0	32	224
-85	-63	-170
-190	19	-525
-2	-148	80
-139	-81	164
-68	-46	-80
-143	99	-79
8	32	-285
-234	-48	37
95	17	669
-41	-177	437
-84	-145	-260
-58	38	-619
-9	120	-14
3	-167	492
-66	-20	205
-119	209	-190
-57	-28	-345
-21	215	-440
-140	70	-165
61	120	115
-120	60	-495
-99	265	-686
58	377	-420
17	64	-443
-225	88	-230
-125	131	-44
36	-109	-52
7	136	-356
-74	48	-196
-11	102	531
194	177	747
-102	-147	-182
-147	-12	-363
174	60	115
57	66	234
-321	-197	359
24	-164	961
68	-253	1013
-98	-187	577
-178	-349	860
19	-121	1185
-18	3	870
-51	-23	516
70	10	598
64	-63	887
-3	152	907
24	-171	695
-128	-110	418
39	40	570
62	11	598
-88	64	370
-97	187	548
14	42	445
-31	52	-200
-146	300	-328
-77	44	-156
-63	80	-296
-188	457	-544
-116	173	-390
25	19	-129
-135	68	-219
-138	384	-175
-116	-191	-198
1	120	-345
-119	316	-487
74	131	-392
-50	365	-500
-85	-56	-712
-163	238	-847
-120	122	-717
-80	14	-447
40	31	-136
-81	-78	-450
-71	97	-522
-93	-71	-252
82	246	-141
-160	-69	-268
-123	121	-166
31	-1	-92
-65	-216	-302
-92	136	-333
-108	-49	-138
135	-117	148
-185	15	38
-24	24	290
-42	-97	208
-117	-28	181
-126	68	128
111	212	191
-105	-26	-225
-17	206	-6
-12	-209	222
-3	-146	110
-109	48	-375
-104	123	-296
97	16	308
26	-29	396
14	123	103
-117	-151	-143
90	164	163
-96	397	-94
48	106	-162
-108	149	-186
108	220	-454
-99	96	-656
13	209	-285
111	-146	-44
-28	-11	-431
-35	146	-739
-110	137	-870
-84	-59	-142
2	129	239
6	42	-162
-121	-45	-790
-73	305	-657
-116	48	378
20	-236	1031
15	29	570
-59	126	4
36	-210	41
15	95	430
54	59	650
-103	-328	348
-48	-24	407
-43	66	709
151	-22	1053
-185	-82	680
-66	-205	557
-81	43	541
80	126	298
-106	97	275
-40	22	390
-7	0	202
-135	-166	-1
-154	27	-149
41	208	163
14	-122	264
-23	405	-8
-132	118	-133
-89	-47	-469
-99	12	-568
-91	-16	-300
-133	158	-68
-170	-170	-311
-157	73	-688
-131	171	-342
-12	-17	208
-65	-27	88
-169	87	-333
-25	36	-394
-53	-45	-341
-166	46	-25
30	38	120
-117	38	129
-91	-120	191
28	12	228
-194	52	176
-116	-135	325
15	-62	299
-117	-15	-160
-27	-99	154
-58	4	499
-27	23	536
-146	-135	120
-166	28	259
-76	-59	458
73	-193	553
-78	154	345
-29	-72	178
0	-10	298
-52	211	310
-67	-171	362
-38	4	288
-203	-23	106
-57	-159	206
-42	-22	279
-123	41	281
-18	145	435
-5	-67	330
-35	43	215
-66	93	-18
-18	-67	-52
-96	95	-32
-150	-129	-95
-165	-32	245
0	181	470
-97	-193	140
-93	93	266
-15	209	435
-70	-133	332
-62	18	200
-53	138	-78
-111	-162	-14
-86	181	203
-86	123	526
-101	-70	694
20	157	397
-78	-162	146
-18	183	-70
-65	-56	-93
-144	58	76
-30	121	122
-99	12	-99
-216	-82	-102
-66	46	308
-108	70	113
-164	5	-75
10	79	-355
-94	-75	-437
-159	-242	-118
-44	174	-66
-219	-75	-393
-143	-119	-295
50	53	-121
-198	-181	-483
-138	-57	-203
-77	-81	132
14	-244	-67
-84	-120	-429
-25	71	-505
-152	-262	-99
-4	-102	202
-175	-67	-7
-78	-155	-215
-34	-112	-68
-48	-5	-195
-112	-54	7
27	-116	218
-80	-79	83
37	-16	157
12	-77	213
-60	-207	122
-63	247	203
-27	143	-52
-82	-250	-70
71	46	468
-17	-140	447
-121	-120	203
9	121	186
-19	-73	287
28	57	437
12	13	196
-5	-100	99
3	30	45
43	118	-1
-37	-110	-87
-22	-15	-87
-34	50	-132
-19	12	27
-7	-47	163
-4	-52	347
36	204	268
0	18	147
17	4	-108
-67	-25	-51
-22	45	-163
-28	146	-269
14	-21	-216
4	111	-167
-11	-35	12
65	111	58
-45	0	-32
-2	-94	9
44	114	-84
-12	2	-327
-93	-164	-245
-20	73	-71
-6	76	-108
-17	-37	-166
-42	-283	-60
7	89	42
53	-195	187
-72	-211	15
-21	211	-110
76	-155	8
13	-230	14
-61	126	44
0	-98	140
73	-196	19
75	51	185
17	21	102
49	-113	302
78	-63	193
23	67	212
129	110	102
130	-57	195
53	38	101
41	85	1
-17	-50	-64
-9	-87	391
149	156	316
0	-85	117
-10	127	23
37	193	168
58	48	346
14	-92	339
185	216	203
-32	13	87
21	-183	327
77	265	301
11	-75	127
22	-120	321
159	185	418
-29	-174	319
72	28	429
58	104	406
19	-113	385
39	-56	489
-86	-69	312
65	227	326
55	47	220
-91	-214	127
0	98	424
40	-117	207
-70	-254	226
-36	-16	313
40	-186	212
-80	-108	6
-109	-170	80
-26	-186	338
-31	-47	175
-30	-113	170
-32	51	61
-109	54	18
6	-183	151
-106	-43	-40
37	183	-63
-102	-245	-114
46	-249	149
-145	-97	59
20	-62	93
-139	-34	215
35	-82	225
92	17	123
7	-34	-59
-162	-51	258
113	209	318
46	-61	286
12	-26	-80
-65	-35	15
117	51	316
-70	5	-122
-85	-91	-189
-99	97	29
16	43	317
-137	-82	366
4	-14	222
-40	-49	281
4	-84	265
-17	59	232
-22	297	76
-110	47	-41
-29	60	-200
-54	173	-361
-31	65	19
-89	-110	146
-63	-8	132
-108	169	183
-72	76	385
-146	-62	110
-126	109	30
-284	194	-47
-208	102	41
-141	34	149
-272	138	338
-195	234	413
-234	15	190
-296	138	95
-364	2	188
-373	174	377
-405	255	476
-306	124	293
-356	205	318
-394	91	123
-373	-172	564
-228	104	375
-491	12	9
-338	-38	-24
-368	27	269
-281	202	351
-392	-57	285
-367	60	163
-423	67	173
-250	18	538
-202	23	323
-328	150	-95
-395	-20	46
-203	106	356
-316	77	203
-286	-13	22
-313	229	45
-349	-129	-3
-273	159	23
-231	61	-54
-283	-199	-158
-397	99	-174
-345	114	-62
-313	-151	254
-300	-59	253
-173	236	40
-310	97	-208
-257	-61	-212
-183	99	218
-225	84	-28
-285	-111	-330
-315	221	-342
-170	74	48
-254	-171	61
-244	-3	-57
-264	-77	-61
-225	-46	32
-204	120	247
-216	70	244
-216	128	11
-234	-53	-249
-320	29	-93
-161	16	241
-195	0	126
-191	131	8
-290	-147	-101
-256	34	-25
-243	166	229
-248	-319	314
-247	85	90
-257	210	254
-165	-138	404
-191	-90	556
-264	140	80
-237	51	162
-175	-231	209
-327	27	225
-149	94	239
-187	-182	-115
-339	-15	-216
-191	7	69
-107	-75	259
-278	-35	99
-273	45	-23
-161	119	149
-250	-125	441
-190	-83	590
-190	175	398
-197	51	170
-277	-101	36
-154	246	632
-108	-79	482
-135	-116	120
-300	170	-199
-251	21	-2
-159	-49	537
-246	9	432
-280	-102	158
-297	75	261
-233	232	621
-170	-41	915
-166	124	703
-288	169	329
-227	172	199
-218	22	103
-211	91	444
-273	-100	468
-317	-139	175
-398	152	15
-390	-120	307
-201	18	874
-194	105	642
-398	9	51
-226	-65	72
-184	-99	-158
-222	245	233
-203	-28	278
-165	242	-281
-320	281	-692
-326	-48	-411
-273	-92	240
-196	58	138
-318	81	-295
-231	158	-211
-136	212	177
-193	228	265
-236	-101	268
-206	-15	-201
-321	190	-580
-120	146	-257
-10	259	145
-109	348	96
-95	124	-168
-206	-67	-377
-134	187	-217
-102	36	98
-231	-44	-48
-172	230	56
-189	-23	67
-193	49	72
-137	183	126
-162	-68	287
-79	51	317
-54	159	204
-169	-38	83
-166	273	393
-95	-3	629
-53	72	663
-177	13	387
-73	254	398
-126	21	603
-137	66	704
-102	238	604
-146	21	362
-245	111	409
-120	232	622
-105	285	569
-264	70	253
-214	162	336
-148	377	607
-322	0	797
-119	261	882
-151	366	445
-402	141	165
-328	219	417
-197	406	690
-287	173	361
-360	216	20
-353	283	-27
-279	252	88
-314	68	378
-284	167	394
-150	418	66
-219	263	-223
-333	185	-90
-198	228	317
-136	355	366
-294	209	-41
-280	278	-203
-187	135	-10
-207	409	-34
-253	83	24
-292	184	68
-155	286	104
-246	-117	-62
-181	208	-26
-168	245	28
-140	144	263
-185	331	249
-155	219	-33
-250	6	119
-146	361	405
-114	178	742
-161	101	585
-185	292	423
-86	384	405
-185	67	521
-165	222	492
-179	223	498
-76	29	382
-142	271	159
-164	198	253
-181	156	291
-197	146	204
-255	31	382
-140	152	523
-244	-16	363
-84	422	461
-312	-21	547
16	267	660
-79	409	437
-138	150	386
-126	228	517
-38	376	547
-217	62	442
-98	64	456
-142	226	399
-156	149	394
-230	-21	467
-76	340	509
-168	124	356
-71	169	193
-209	63	319
-160	513	259
-176	176	293
-54	160	312
-268	38	138
-75	318	280
-117	197	212
-177	193	216
-54	316	371
-133	259	192
-133	60	112
-52	379	159
-92	188	280
-122	130	244
-1	280	37
-100	180	-57
-145	140	-74
-117	95	172
-82	180	152
-188	234	137
-80	96	118
-50	360	243
-124	149	153
-11	246	179
-84	294	125
-47	224	260
-91	92	456
-29	225	404
-116	-22	335
-119	110	382
-107	122	391
-72	-90	330
-149	153	289
-146	146	319
-222	38	262
-111	164	165
-204	79	248
-140	93	299
-150	159	365
-141	3	387
-147	194	351
-123	179	273
-217	-13	206
-175	230	423
-185	24	448
-178	-73	338
-249	221	261
-131	196	283
-197	-75	529
-109	303	548
-174	211	303
-199	-7	244
-112	183	350
-45	191	581
-143	89	615
-113	194	423
-209	198	427
-171	-12	588
-127	78	857
-169	314	666
-175	173	460
-181	240	384
-208	167	418
-138	120	548
-136	45	322
-254	205	159
-150	290	262
-134	356	309
-59	330	389
-109	187	230
-187	320	56
-190	14	181
-221	96	185
-135	269	251
-23	355	22
-237	290	-51
-62	300	-74
-99	242	-266
-195	225	-612
-102	405	-608
-4	345	-408
-33	577	-386
8	581	-350
26	501	-147
-5	508	-63
-11	433	164
90	461	373
92	525	358
34	573	495
154	484	643
78	308	712
94	410	673
73	72	645
84	209	652
165	451	637
179	371	322
170	428	98
133	293	72
135	337	74
99	66	-36
135	327	-156
96	447	-124
246	391	-18
264	288	-2
132	265	4
110	-28	232
238	33	293
269	124	278
281	-21	84
261	179	373
326	19	735
545	90	685
364	-56	131
371	213	-74
515	20	219
513	9	374
624	318	256
454	60	-77
520	87	-336
463	220	-97
535	185	377
537	42	682
575	197	649
509	274	449
630	199	465
626	142	490
461	151	487
449	58	664
550	143	725
701	172	599
739	224	429
451	433	384
564	57	617
649	239	818
520	400	879
509	198	1046
618	179	1084
620	801	986
575	392	631
696	291	347
735	734	-105
686	288	-563
439	234	-766
605	549	-443
484	420	-57
617	448	-60
592	644	-41
534	621	368
448	396	902
602	372	1134
612	695	680
543	614	232
605	606	604
629	756	928
558	510	947
328	544	510
466	636	639
468	514	1032
641	581	1246
539	546	951
450	651	305
415	539	-144
511	316	-393
375	230	-666
223	109	-921
199	27	-928
113	-6	-860
380	344	-484
523	619	-30
367	811	117
333	778	210
318	591	198
313	690	286
311	535	315
258	533	391
253	369	320
291	329	298
271	297	349
349	113	764
348	216	841
206	18	873
232	96	946
376	242	979
341	238	993
205	102	789
264	184	850
318	-55	890
334	84	706
274	81	635
296	62	720
288	144	526
281	183	190
254	237	-32
215	19	-38
201	75	-74
132	9	-227
109	-24	-383
65	-26	-400
149	13	-243
46	16	-175
24	34	-122
76	-11	-308
125	118	-735
-275	60	-545
27	-122	189
212	380	471
77	274	3
5	176	-387
155	121	-171
171	82	85
147	-269	160
-72	-102	-297
57	129	-440
216	88	-23
138	61	87
-2	97	448
-117	-237	796
-103	-293	871
15	-277	1146
78	-169	1428
48	-115	1641
-5	-187	1687
50	-96	1529
121	-91	1486
148	-176	1530
49	-153	1235
-103	-62	804
-163	-269	662
-54	-396	672
-85	-209	536
-69	-268	321
-144	-336	68
-355	-209	-94
-319	-326	-78
-158	-277	12
-228	-53	-78
-253	21	-55
-385	-3	108
-332	82	129
-427	2	130
-452	-9	260
-490	55	444
-599	-120	511
-703	-198	484
-728	-147	217
-711	-10	-10
-775	-45	-34
-837	-142	5
-852	41	-34
-844	-24	-175
-903	42	-244
-894	44	-70
-871	-49	90
-893	-132	169
-1023	-134	-41
-1011	-258	-25
-851	-306	238
-696	-269	364
-498	-284	348
-201	-172	295
-299	-272	427
81	-353	590
509	-413	678
594	-492	624
484	-425	788
583	-322	981
755	-692	921
761	-901	525
594	-568	251
560	-666	333
708	-714	494
573	-378	356
522	-442	57
598	-421	54
563	-140	2
411	52	-112
269	17	-114
150	-117	-344
152	-86	-422
82	-172	-469
-99	-288	-354
-73	-136	-124
51	-63	-47
35	-155	-296
-8	-4	-402
114	-88	-23
83	-235	303
65	-273	453
247	-142	533
248	-271	398
188	-508	473
243	-495	687
178	-589	805
141	-539	646
265	-395	536
266	-464	340
188	-464	383
200	-299	428
226	-198	288
138	-248	5
135	-273	-27
144	-292	-50
83	-356	-139
-19	-279	-312
-41	-196	-450
-47	-159	-434
131	-233	-226
40	-159	-301
-10	-216	-398
-55	-224	-315
62	-206	-225
58	-272	-64
129	-331	-3
125	-339	-118
-28	-277	-156
-1	-295	-121
32	-272	-105
54	-90	-180
31	-76	-253
-21	-26	-290
-120	-43	-298
-71	-47	-187
-168	-9	-100
-135	-41	53
-131	-50	102
-119	-72	156
-40	-161	91
-64	-151	-80
-95	-258	-189
-12	-254	-55
-26	-333	-278
-144	-356	-231
-48	-365	-55
-110	-196	147
-147	-276	257
-125	-145	356
-45	-66	432
-106	-54	242
-133	-70	54
-161	-35	-104
-236	34	-207
-278	-26	-183
-159	-6	-162
-202	-191	-33
-191	-233	-34
-251	-180	62
-192	-77	360
-98	-57	674
1	112	493
-77	236	83
-131	146	-169
-107	77	-108
-161	27	-104
-252	109	-169
-340	-57	-241
-237	16	-155
-214	213	-122
-306	180	179
-254	331	450
-243	157	451
-314	-70	231
-226	-62	36
-264	-134	-9
-263	-123	-186
-378	-166	-259
-366	-272	-64
-371	-338	26
-302	-389	160
-276	-360	89
-301	-182	16
-292	-74	64
-156	-1	118
-221	52	131
-246	47	16
-281	42	13
-337	233	32
-321	204	160
-228	80	344
-375	-73	200
-402	-205	95
-423	-218	13
-384	-74	24
-335	-189	146
-303	-265	201
-287	-316	16
-329	-367	-224
-389	-237	-380
-346	-315	-304
-374	-408	-280
-298	-293	-255
-437	-403	-301
-486	-314	-234
-394	-243	-46
-378	-333	59
-441	-343	193
-406	-286	265
-363	-239	279
-391	-291	260
-412	-314	225
-402	-436	507
-393	-539	623
-466	-551	547
-500	-617	340
-491	-560	517
-421	-672	885
-495	-736	876
-584	-692	648
-550	-668	442
-522	-616	456
-454	-622	536
-490	-617	522
-538	-768	428
-607	-711	255
-558	-786	308
-580	-838	520
-531	-747	643
-617	-755	753
-560	-896	697
-596	-821	595
-552	-668	626
-622	-843	756
-631	-899	783
-603	-707	738
-613	-756	586
-597	-708	498
-579	-591	331
-589	-438	226
-532	-612	330
-505	-611	273
-551	-439	-305
-581	-405	-704
-614	-628	-632
-589	-507	-279
-553	-463	-162
-677	-587	-300
-611	-537	-312
-526	-494	-39
-484	-408	251
-592	-510	191
-570	-148	94
-608	-210	-35
-504	-341	40
-501	-369	123
-555	-364	92
-585	-343	108
-617	-435	-75
-746	-347	-311
-793	-313	-208
-839	-540	-208
-923	-510	-200
-1036	-410	-449
-1132	-409	-651
-1188	-575	-604
-975	-312	-446
-939	-420	-180
-891	-396	-203
-971	-198	-673
-1070	-138	-1015
-928	-23	-1142
-838	-176	-1104
-1003	-321	-816
-980	-208	-654
-1036	-443	-539
-900	-412	-348
-901	-480	-97
-792	-530	255
-794	-690	332
-729	-431	294
-745	-612	287
-625	-614	379
-613	-373	562
-647	-562	560
-757	-636	479
-600	-325	355
-610	-577	286
-684	-574	373
-654	-425	424
-609	-486	17
-737	-298	-62
-839	-592	180
-464	-115	737
-315	-881	611
-480	-662	-90
-508	-430	-95
-82	-377	200
-147	-784	317
-227	-578	-35
-151	-408	-574
-39	-808	-666
25	-577	-573
13	-848	-248
63	-974	52
16	-698	-65
-25	-883	-209
94	-651	35
103	-706	576
-118	-669	776
-342	-436	516
-617	-361	442
-577	-470	671
-144	-263	818
-254	-233	523
-283	-522	286
-279	-458	87
-96	-532	-128
38	-553	-7
299	-554	220
139	-500	-156
-70	-749	-450
-63	-818	-153
-106	-778	-228
-209	-994	19
37	-764	274
-164	-460	480
-124	-734	462
-216	-610	497
-30	-580	398
-110	-838	243
-34	-523	140
-125	-562	216
-83	-567	291
-138	-744	414
-23	-846	220
98	-603	194
-95	-714	238
26	-608	475
-19	-618	332
-235	-679	175
-242	-708	402
-80	-624	347
-266	-625	315
-280	-704	645
-230	-582	653
-150	-483	591
-233	-718	539
-109	-651	556
-146	-617	404
-173	-554	366
-49	-657	286
-107	-476	280
-130	-431	263
-142	-717	488
-80	-233	460
-243	-377	175
-229	-620	369
-202	-255	450
-263	-407	287
-252	-479	244
-319	-265	128
-240	-432	265
-129	-609	604
-124	-466	497
-299	-558	201
-111	-368	272
-96	-600	251
-15	-462	128
-224	-413	-99
-181	-248	4
-264	-424	46
-206	-443	85
-226	77	93
-298	-431	20
-217	-129	-58
-336	-132	-471
-373	-280	-626
-132	-262	-166
-261	-266	-250
-167	-163	-439
-294	-399	-617
-208	-432	-520
-176	-457	-312
-231	-630	-407
-332	-807	-645
-284	-239	-717
-237	-383	-828
-206	-552	-496
-166	-455	-445
-370	-402	-568
-431	-476	-701
-228	-150	-628
-162	-491	-712
-93	-310	-934
-148	-250	-554
-166	-335	-434
-101	-396	-530
-60	-251	-669
96	-616	-726
-110	-220	-753
-323	-495	-690
-174	-229	-308
-327	-469	-459
-112	-673	-338
