8	0	6
8	1	-17
9	0	-6
5	5	-18
11	-3	-9
10	-10	-16
14	-6	-15
10	-10	-12
14	-14	-14
16	-19	-5
15	-20	-14
12	-17	-8
10	-8	-15
7	-12	1
7	1	-21
6	0	-12
1	0	-23
5	9	-7
1	6	-1
0	0	-18
-2	9	-15
-12	11	-11
-6	7	12
-3	21	12
0	12	11
-2	11	-4
-2	10	8
0	3	3
0	3	-6
-4	-2	-6
-9	-7	-21
-3	-21	-5
-3	-8	-24
0	-21	-7
6	-13	-19
9	-8	-18
10	-8	-21
12	-3	-12
14	-14	-18
7	-6	-32
2	-6	-6
10	9	-25
-2	2	3
-5	-3	-28
-16	12	6
-6	-5	4
-6	5	2
-2	1	5
-3	12	0
-9	15	16
1	13	8
-6	0	-13
-8	-14	-1
-12	-3	-31
-1	-10	-8
-1	-11	-23
-4	-2	-5
-8	8	-22
-11	3	-12
0	-4	-2
-6	9	-18
-9	2	9
-21	7	-11
-1	7	7
0	3	-10
72	-26	-29
128	-52	-23
187	-62	-29
184	-37	-15
256	-66	-25
291	-73	-43
377	-120	-88
450	-114	-127
534	-136	-121
584	-145	-62
626	-157	-29
673	-170	-75
695	-167	-131
705	-193	-160
725	-191	-133
750	-196	-126
768	-223	-118
770	-194	-126
792	-189	-144
790	-242	-197
798	-204	-198
806	-159	-217
809	-201	-211
825	-210	-206
836	-232	-214
843	-208	-185
838	-170	-222
864	-209	-261
894	-205	-272
915	-213	-262
944	-200	-219
976	-185	-195
983	-209	-247
985	-256	-262
1015	-262	-291
1053	-229	-251
1071	-258	-221
1082	-224	-212
1041	-297	-194
1042	-306	-196
1047	-333	-225
1054	-313	-257
1062	-340	-273
1064	-337	-217
1051	-360	-161
1042	-333	-170
1031	-330	-159
1021	-354	-171
1019	-359	-172
1011	-382	-135
1000	-366	-111
983	-355	-76
979	-363	-33
969	-390	-76
972	-356	-119
973	-350	-152
972	-317	-135
983	-322	-138
972	-335	-133
961	-303	-141
967	-298	-166
1004	-302	-227
1033	-323	-275
1016	-334	-315
1002	-351	-297
995	-344	-294
1017	-375	-349
1053	-362	-432
1062	-360	-469
1031	-315	-483
1075	-316	-478
1079	-312	-491
1140	-297	-476
1183	-283	-496
1217	-274	-488
1224	-211	-460
1205	-146	-417
1166	-171	-395
1203	-166	-386
1217	-144	-364
1206	-69	-300
1160	-86	-275
1150	-162	-203
1143	-130	-254
1157	-160	-237
1150	-110	-247
1156	-175	-252
1075	-166	-244
1010	-159	-237
927	-23	-293
831	-28	-355
741	-34	-403
643	98	-439
481	17	-522
382	32	-564
319	3	-516
256	35	-499
190	-34	-453
169	-138	-418
135	-95	-344
94	-159	-260
127	-224	-161
136	-219	-108
155	-233	-117
204	-208	-146
202	-194	-169
167	-196	-131
213	-223	-114
232	-231	-107
235	-217	-96
227	-238	-113
255	-226	-108
250	-304	-168
192	-333	-264
149	-343	-292
221	-282	-222
169	-267	-222
108	-218	-160
126	-197	-123
201	-139	-75
159	0	-6
156	54	39
76	86	190
30	51	401
65	1	399
152	148	422
182	199	393
234	125	339
281	138	441
365	186	475
308	39	395
383	80	269
471	48	171
456	141	138
481	226	75
430	261	-20
331	117	-61
347	229	-59
321	247	-168
207	122	-293
200	130	-196
70	151	-77
110	147	24
145	169	-266
174	313	-1079
-38	132	-1645
-104	645	-1814
-244	11	-1612
-266	417	-1390
-544	138	-1441
-512	-165	-1401
-312	-275	-1207
-297	-258	-769
-297	-177	-182
-256	-141	131
-315	-9	249
-190	-71	401
171	-25	711
200	47	785
139	81	771
-9	185	918
-95	78	1138
39	145	1356
254	325	1378
64	484	1114
-1	457	1108
-121	339	1448
-77	496	1547
-217	533	1511
-287	437	1259
-242	466	1265
-333	378	1537
-392	67	1544
-510	-77	1514
-592	-16	1238
-457	-194	1062
-571	-226	1153
-656	-282	1239
-686	-568	1391
-774	-491	1338
-747	-509	1280
-534	-660	949
-354	-521	719
-261	-499	154
-645	-143	-702
-313	-74	-1293
-528	-303	-1442
-353	25	-1380
-389	79	-1249
-471	422	-979
-623	517	-765
-529	316	-850
-788	552	-1216
-803	515	-1571
-601	517	-1396
-501	962	-1151
-488	985	-1264
-543	1025	-1349
-424	1039	-1498
-117	836	-1115
283	1294	-365
294	1281	-130
236	993	-43
442	755	217
573	489	359
528	414	528
420	273	626
227	103	734
-57	-270	675
-151	-449	791
-41	-403	706
-555	-805	629
-735	-424	856
-687	-755	1110
-665	-974	1261
-681	-694	1167
-539	-961	783
-604	-808	800
-428	-816	638
-345	-746	220
-433	-595	45
-224	-141	-30
-355	-184	-26
-379	181	-156
-314	66	-193
-326	59	-139
-328	143	-203
-422	309	-327
-490	439	-446
-578	505	-467
-252	589	-408
-617	255	-621
-607	822	-746
-642	441	-695
-687	332	-625
-531	490	-484
-318	373	-449
-442	375	-735
-451	462	-646
13	257	-91
-30	104	-161
54	486	-680
129	204	-550
188	535	-154
213	160	89
128	202	54
232	221	-200
80	-133	74
240	34	506
191	29	418
45	30	-33
-172	-84	-439
-81	-237	-282
-120	-81	-96
-143	-169	-280
-348	-245	-307
-272	-98	-188
-256	-254	-69
-134	-40	-56
-276	-15	-121
-178	-73	-105
-245	-10	-203
-205	-216	-163
-157	-90	-51
-109	-156	8
-275	-144	261
-93	-254	161
-163	-279	112
-61	-144	305
-31	67	364
12	49	126
-176	122	0
-25	352	29
-83	251	105
-63	4	-25
-123	260	-169
-77	-122	-112
-309	-91	-154
-232	-186	-270
-158	-156	-530
-267	-202	-787
-252	-25	-707
-160	-79	-415
-232	79	-153
-235	-147	32
-279	223	48
-406	205	-12
-195	244	205
-354	212	241
-460	319	-120
-656	228	-248
-877	-35	207
-884	-137	537
-917	-83	578
-1098	-41	-48
-1241	141	-60
-1206	85	305
-1333	161	469
-1328	310	349
-1483	335	-139
-1444	417	0
-1307	809	428
-1333	506	738
-1561	418	555
-1543	546	-46
-1669	703	-157
-1625	642	9
-1577	534	65
-1676	472	-276
-1893	544	-379
-1744	564	-157
-1737	527	-56
-1717	400	25
-1896	659	41
-1967	414	92
-1844	320	339
-1882	470	83
-1937	690	-175
-1877	506	-25
-2057	609	41
-2091	628	91
-1986	326	223
-1966	435	377
-2152	226	402
-1950	433	246
-2145	465	-81
-2191	654	-150
-2339	489	63
-2294	630	399
-2477	424	506
-2468	309	423
-2500	560	359
-2455	423	362
-2653	497	565
-2759	494	614
-2652	373	664
-2756	314	470
-2869	506	485
-2705	719	695
-2785	630	659
-2710	668	425
-2769	553	-95
-3024	823	-60
-2906	708	210
-2865	670	462
-2942	757	315
-2828	929	-25
-2808	915	-48
-2810	831	87
-2874	847	445
-2990	667	585
-3281	-20	381
-3608	333	284
-3664	786	355
-3482	967	584
-3458	736	720
-3356	774	644
-3247	923	471
-3326	873	384
-3344	905	524
-3468	969	797
-3393	989	951
-3289	994	819
-3269	875	605
-3132	851	736
-3074	790	868
-3111	843	797
-3020	888	607
-2874	874	469
-2814	1096	435
-2979	1142	484
-2959	1212	681
-2897	1100	599
-2856	1002	486
-2775	967	478
-2647	846	623
-2576	808	686
-2394	754	637
-2191	630	596
-2030	501	577
-1920	457	573
-1839	404	648
-1762	398	617
-1669	343	530
-1604	338	494
-1540	357	523
-1528	305	601
-1542	304	572
-1537	313	505
-1511	319	469
-1490	326	468
-1475	318	533
-1486	331	566
-1516	389	534
-1552	397	509
-1514	389	516
-1247	370	595
-820	231	676
-400	116	651
62	-86	596
578	-613	620
1136	-604	680
1673	-810	319
2834	-843	489
3053	-741	322
3225	-547	172
3146	-580	131
3023	-651	76
2862	-702	-104
2686	-697	-222
2479	-669	-316
2219	-636	-362
1948	-561	-397
1739	-492	-467
1563	-382	-546
1449	-294	-600
1365	-220	-655
1284	-151	-687
1255	-129	-684
1290	-120	-689
1346	-108	-670
1408	-155	-657
1465	-194	-607
1535	-246	-507
1615	-299	-420
1665	-353	-361
1693	-397	-313
1679	-422	-235
1631	-427	-170
1575	-395	-120
1494	-355	-98
1382	-341	-92
1278	-311	-47
1193	-287	-22
1127	-260	-5
1081	-241	14
1048	-258	8
1036	-273	24
1055	-280	52
1093	-305	67
1119	-346	72
1150	-362	50
1168	-365	65
1189	-358	82
1185	-383	79
1178	-358	45
1154	-329	12
1121	-327	-7
1089	-310	-42
1074	-268	-61
1046	-250	-87
1028	-227	-142
1007	-215	-167
994	-197	-168
995	-195	-187
985	-203	-196
988	-185	-230
985	-168	-250
974	-192	-243
974	-193	-239
953	-183	-204
912	-198	-229
876	-180	-253
825	-156	-224
761	-162	-249
692	-108	-241
634	-100	-201
587	-132	-187
543	-93	-167
511	-87	-125
488	-93	-96
488	-62	-73
488	-66	-55
485	-93	-44
488	-92	-51
476	-102	-25
474	-107	-4
485	-114	-17
479	-120	14
480	-138	7
483	-139	4
474	-131	25
473	-150	-3
473	-156	3
473	-125	-6
456	-140	0
439	-118	7
430	-100	-20
422	-122	-26
419	-92	-47
403	-91	-54
395	-100	-42
390	-73	-69
372	-82	-88
350	-58	-87
350	-50	-89
344	-52	-89
340	-32	-101
347	-66	-99
349	-61	-112
347	-59	-124
340	-84	-108
345	-76	-122
347	-99	-132
337	-90	-121
339	-110	-98
331	-109	-89
329	-86	-90
335	-112	-65
329	-97	-58
325	-92	-62
322	-102	-43
328	-85	-49
327	-80	-69
324	-44	-79
325	-46	-76
309	-35	-90
310	-11	-93
314	-36	-87
308	-31	-92
309	-28	-114
298	-30	-103
